35.86904761904762, -0.05302974660301629
39.24603174603175, 0.01875994613783405
39.24603174603175, -0.08824519525034447
42.904431216931215, 0.019250622271187012
41.77876984126985, -0.08790549638879241
46, 0.09100257069408002
46, -0.05167095115681519
49.37698412698413, 0.09145550250948276
49.37698412698413, -0.05121801934141246
52.75396825396825, 0.09190843432487839
52.75396825396825, -0.05076508752601683
56.13095238095238, 0.09236136614028112
56.13095238095238, -0.05031215571061409
59.507936507936506, 0.09281429795567675
59.507936507936506, -0.04985922389521846
62.88492063492066, 0.09326722977107949
62.88492063492066, -0.04940629207981573
66.26190476190476, 0.09372016158648222
66.26190476190476, -0.04895336026441299
69.63888888888891, 0.09417309340187785
69.63888888888891, -0.04850042844901736
73.01587301587301, 0.09462602521728058
73.01587301587301, -0.04804749663361463
76.39285714285717, 0.09507895703267621
76.39285714285717, -0.047594564818219
79.76984126984127, 0.09553188884807895
79.76984126984127, -0.04714163300281626
83.14682539682542, 0.09598482066347458
83.14682539682542, -0.046688701187420634
86.52380952380952, 0.16777451340433203
86.52380952380952, 0.025100991553429708
85.6795634920635, -0.08201738278859949
89.90079365079367, 0.16822744521973476
89.90079365079367, 0.025553923368832443
93.27777777777777, 0.1686803770351304
93.27777777777777, 0.026006855184228073
96.65476190476193, 0.16913330885053313
96.65476190476193, 0.026459786999630808
100.03174603174602, 0.16958624066592876
100.03174603174602, 0.026912718815026437
103.40873015873018, 0.1700391724813315
103.40873015873018, 0.027365650630429172
106.78571428571428, 0.17049210429672712
106.78571428571428, 0.027818582445824802
110.16269841269843, 0.17094503611212986
110.16269841269843, 0.028271514261227537
113.53968253968253, 0.1713979679275326
113.53968253968253, 0.028724446076630272
116.91666666666669, 0.17185089974292822
116.91666666666669, 0.029177377892025902
120.29365079365078, 0.17230383155833096
120.29365079365078, 0.029630309707428637
123.95205026455028, 0.1727945076916768
123.67063492063494, 0.012249051291462365
127.0476190476191, 0.24454645611457693
127.0476190476191, 0.10187293426367461
130.4246031746032, 0.24499938792997256
130.4246031746032, 0.10232586607907024
133.80158730158735, 0.2454523197453753
133.80158730158735, 0.10277879789447297
137.17857142857144, 0.24590525156077803
137.17857142857144, 0.10323172970987571
140.5555555555556, 0.24635818337617366
140.5555555555556, 0.10368466152527134
143.9325396825397, 0.2468111151915764
143.9325396825397, 0.10413759334067407
147.30952380952385, 0.24726404700697202
147.30952380952385, 0.1045905251560697
150.68650793650795, 0.24771697882237476
150.68650793650795, 0.10504345697147244
154.0634920634921, 0.24816991063777039
154.0634920634921, 0.10549638878686807
157.4404761904762, 0.24862284245317312
157.4404761904762, 0.1059493206022708
161.09887566137564, 0.24911351858652608
160.81746031746036, 0.08856806218631164
164.19444444444446, 0.3208654670094191
164.19444444444446, 0.17819194515852388
167.5714285714286, 0.3213183988248218
167.5714285714286, 0.17864487697392661
170.9484126984127, 0.32177133064021746
170.9484126984127, 0.17909780878932224
174.32539682539687, 0.3222242624556202
174.32539682539687, 0.17955074060472498
177.70238095238096, 0.3226771942710158
177.70238095238096, 0.1800036724201206
181.07936507936512, 0.32313012608641856
181.07936507936512, 0.18045660423552334
184.45634920634922, 0.3235830579018213
184.45634920634922, 0.18090953605092608
187.83333333333337, 0.3240359897172169
187.83333333333337, 0.1813624678663217
191.21031746031747, 0.32448892153261966
191.21031746031747, 0.18181539968172444
194.58730158730162, 0.39627861427347
194.58730158730162, 0.2536050924225677
193.7430555555556, 0.14648671808053848
197.96428571428572, 0.39673154608887273
197.96428571428572, 0.2540580242379704
201.34126984126988, 0.39718447790426836
201.34126984126988, 0.25451095605336604
204.71825396825398, 0.3976374097196711
204.71825396825398, 0.2549638878687688
208.09523809523813, 0.39809034153507383
208.09523809523813, 0.2554168196841715
211.47222222222223, 0.39854327335046946
211.47222222222223, 0.25586975149956714
214.84920634920638, 0.3989962051658722
214.84920634920638, 0.2563226833149699
218.50760582010582, 0.39948688129921806
218.22619047619048, 0.2389414248990036
221.60317460317464, 0.47123882972211817
221.60317460317464, 0.32856530787121585
224.98015873015873, 0.4716917615375138
224.98015873015873, 0.3290182396866115
228.3571428571429, 0.47214469335291653
228.3571428571429, 0.3294711715020142
231.734126984127, 0.47259762516831927
231.734126984127, 0.32992410331741695
235.11111111111114, 0.4730505569837149
235.11111111111114, 0.3303770351328126
238.4880952380953, 0.47350348879911763
238.4880952380953, 0.3308299669482153
241.8650793650794, 0.47395642061451326
241.8650793650794, 0.33128289876361094
245.24206349206355, 0.5457461133553636
245.24206349206355, 0.4030725915044684
244.39781746031747, 0.2959542171624392
248.61904761904765, 0.5461990451707592
248.61904761904765, 0.403525523319864
251.9960317460318, 0.546651976986162
251.9960317460318, 0.40397845513526676
255.3730158730159, 0.5471049088015647
255.3730158730159, 0.4044313869506695
258.75000000000006, 0.5475578406169603
258.75000000000006, 0.4048843187660651
262.40839947089955, 0.5480485167503133
262.12698412698415, 0.38750306035009885
265.5039682539683, 0.6198004651732134
265.5039682539683, 0.4771269433223111
268.8809523809524, 0.6202533969886161
268.8809523809524, 0.4775798751377138
272.25793650793656, 0.6207063288040118
272.25793650793656, 0.47803280695310946
275.63492063492066, 0.6211592606194145
275.63492063492066, 0.4784857387685122
279.0119047619048, 0.6216121924348172
279.0119047619048, 0.4789386705839149
282.3888888888889, 0.6220651242502129
282.3888888888889, 0.47939160239931056
286.0472883597884, 0.6225558003835658
285.76587301587307, 0.4620103439833514
289.14285714285717, 0.6943077488064588
289.14285714285717, 0.5516342269555565
292.5198412698413, 0.6947606806218616
292.5198412698413, 0.5520871587709593
295.8968253968254, 0.6952136124372572
295.8968253968254, 0.5525400905863549
299.2738095238096, 0.69566654425266
299.2738095238096, 0.5529930224017576
302.9322089947091, 0.6961572203860058
302.6507936507937, 0.5356117639857985
306.0277777777778, 0.7679091688089059
306.0277777777778, 0.6252356469580107
309.4047619047619, 0.7683621006243087
309.4047619047619, 0.6256885787734134
312.7817460317461, 0.7688150324397043
312.7817460317461, 0.6261415105888091
316.1587301587302, 0.769267964255107
316.1587301587302, 0.6265944424042118
319.5357142857143, 0.8410576569959503
319.5357142857143, 0.698384135145055
318.69146825396825, 0.5912657608030258
322.9126984126985, 0.841510588811353
322.9126984126985, 0.6988370669604578
326.2896825396826, 0.8419635206267557
326.2896825396826, 0.6992899987758605
329.6666666666667, 0.8424164524421514
329.6666666666667, 0.6997429305912561
333.0436507936508, 0.8428693842575541
333.0436507936508, 0.7001958624066589
336.420634920635, 0.8433223160729497
336.420634920635, 0.7006487942220545
339.7976190476191, 0.9151120088138072
339.7976190476191, 0.7724384869629048
338.95337301587307, 0.6653201126208828
343.1746031746032, 0.9155649406292028
343.1746031746032, 0.7728914187783005
346.5515873015874, 0.9160178724446055
346.5515873015874, 0.7733443505937032
350.20998677248684, 0.9165085485779514
349.9285714285715, 0.755963092177744
353.3055555555556, 0.9882604970008515
353.3055555555556, 0.8455869751499492
356.6825396825397, 0.9887134288162542
356.6825396825397, 0.8460399069653519
360.0595238095239, 0.9891663606316499
360.0595238095239, 0.8464928387807475
363.436507936508, 0.9896192924470526
363.436507936508, 0.8469457705961503
367.09490740740745, 0.9901099685803985
366.8134920634921, 0.829564512180184
370.1904761904762, 1.0618619170032986
370.1904761904762, 0.9191883951524034
373.5674603174604, 1.0623148488187013
373.5674603174604, 0.9196413269678061
376.9444444444445, 1.1341045415595516
376.9444444444445, 0.9914310197086493
376.1001984126985, 0.8843126453666272
380.3214285714286, 1.1345574733749544
380.3214285714286, 0.9918839515240521
383.6984126984127, 1.13501040519035
383.6984126984127, 0.9923368833394477
387.35681216931226, 1.135501081323703
387.0753968253969, 0.9749556249234885
390.452380952381, 1.207253029746596
390.452380952381, 1.0645795078956937
393.8293650793651, 1.2077059615619987
393.8293650793651, 1.0650324397110964
397.48776455026467, 1.2081966376953446
396.3621031746032, 1.0653721385726485
400.5833333333334, 1.2799485861182447
400.5833333333334, 1.1372750642673495
403.9603174603175, 1.2804015179336474
403.9603174603175, 1.1377279960827522
407.3373015873016, 1.3521912106744978
407.3373015873016, 1.2095176888235954
410.7142857142857, 1.3526441424899005
410.7142857142857, 1.2099706206389982
414.09126984126993, 1.4244338352307437
414.09126984126993, 1.2817603133798414
417.46825396825403, 1.4248867670461465
417.46825396825403, 1.2822132451952442
420.84523809523813, 1.4966764597869968
420.84523809523813, 1.3540029379361016
424.5036375661377, 1.4971671359203427
423.3779761904762, 1.3543426367976465
427.8806216931218, 1.5689568286612001
427.59920634920644, 1.4084113722609857
431.2576058201059, 1.712083282327491
430.97619047619054, 1.5337036356959217
430.1319444444445, 1.4622536418166163
434.35317460317464, 1.8551719916758458
434.35317460317464, 1.7124984698249435
434.35317460317464, 1.5876591382054102
436.0416666666667, 1.9980719794344495
438.0115740740742, 2.141009711510989
438.0115740740742, 1.8556626678091916
436.8859126984127, 1.7128381686864884
439.4186507936509, 2.3552087158770902
441.10714285714295, 2.640782225486589
441.10714285714295, 2.498108703635694
441.10714285714295, 2.2127616599338964
441.10714285714295, 2.070088138082994
440.2628968253969, 1.927301383278241
443.07705026455034, 2.9263934794140454
442.795634920635, 2.748013832782469
443.07705026455034, 2.355699392010443
444.7655423280424, 3.1406302280980896
444.7655423280424, 2.5699361406944874
446.45403439153444, 3.6402140204839384
446.1726190476191, 3.461834373852362
446.1726190476191, 3.319160852001467
446.45403439153444, 2.926846411229441
446.1726190476191, 2.7663009548292266
445.32837301587307, 2.3916697270167617
448.1425264550266, 3.997124291018892
447.86111111111114, 3.8187446443873156
448.1425264550266, 3.1410831599134923
449.5496031746032, 4.639343860937689
449.5496031746032, 4.496670339086791
449.5496031746032, 4.353996817235888
449.5496031746032, 4.211323295384993
449.5496031746032, 3.640629207981391
449.5496031746032, 3.4979556861304886
449.5496031746032, 3.3552821642795934
448.70535714285717, 2.9628167462357666
451.5195105820107, 5.067628636716037
451.23809523809535, 4.889248990084461
451.23809523809535, 4.746575468233562
451.5195105820107, 4.068913983759742
451.23809523809535, 3.890534337128166
451.23809523809535, 3.7656950055086327
450.3938492063492, 3.2127218753825417
452.9265873015874, 5.852521728485737
452.9265873015874, 5.709848206634838
452.9265873015874, 5.567174684783936
452.9265873015874, 5.424501162933037
452.9265873015874, 5.281827641082138
452.9265873015874, 4.568460031827637
452.9265873015874, 4.425786509976739
452.9265873015874, 4.283112988125836
454.8964947089948, 6.851500591667683
454.61507936507945, 6.673120945036107
454.61507936507945, 6.530447423185208
454.61507936507945, 6.38777390133431
454.61507936507945, 6.245100379483407
454.61507936507945, 6.1024268576325085
454.61507936507945, 5.95975333578161
454.8964947089948, 5.139418329456884
454.61507936507945, 4.961038682825311
454.61507936507945, 4.8183651609744125
453.7708333333334, 4.71124678663239
453.7708333333334, 4.140552699228785
453.7708333333334, 4.033547557840613
456.3035714285715, 8.064414248990083
456.3035714285715, 7.921740727139181
456.3035714285715, 7.779067205288282
456.3035714285715, 7.636393683437383
456.3035714285715, 7.493720161586484
456.3035714285715, 7.351046639735582
456.3035714285715, 7.208373117884683
456.3035714285715, 7.0656995960337845
456.3035714285715, 5.781637899375685
456.3035714285715, 5.638964377524786
456.3035714285715, 5.496290855673887
456.3035714285715, 5.353617333822985
457.99206349206355, 9.34870241155588
457.99206349206355, 9.206028889704982
457.99206349206355, 9.063355367854083
457.99206349206355, 8.92068184600318
457.99206349206355, 8.778008324152282
457.99206349206355, 8.635334802301383
457.99206349206355, 8.492661280450484
457.99206349206355, 8.349987758599582
457.99206349206355, 8.207314236748683
457.99206349206355, 6.9232525400905836
457.99206349206355, 6.780579018239685
457.99206349206355, 6.637905496388786
457.99206349206355, 6.495231974537887
457.99206349206355, 6.352558452686985
457.99206349206355, 6.209884930836086
457.99206349206355, 6.067211408985187
457.99206349206355, 5.9423720773656505
457.1478174603175, 5.211057044925937
457.1478174603175, 5.104051903537762
459.96197089947094, 10.06233423103603
459.6805555555556, 9.883954584404453
459.6805555555556, 9.741281062553554
459.6805555555556, 9.598607540702652
459.6805555555556, 9.455934018851753
459.96197089947094, 8.064904925123432
459.6805555555556, 7.886525278491856
459.6805555555556, 7.743851756640957
459.6805555555556, 7.6011782347900585
459.6805555555556, 7.458504712939156
459.6805555555556, 7.315831191088257
459.6805555555556, 7.173157669237359
459.6805555555556, 7.030484147386456
461.6504629629631, 11.417959154527278
461.36904761904765, 11.239579507895701
461.36904761904765, 11.096905986044803
461.36904761904765, 10.954232464193904
461.36904761904765, 10.811558942343002
461.36904761904765, 10.668885420492103
461.36904761904765, 10.526211898641204
461.36904761904765, 10.383538376790302
461.36904761904765, 10.240864854939403
461.6504629629631, 9.277856326763782
461.36904761904765, 9.099476680132206
461.36904761904765, 8.956803158281307
461.36904761904765, 8.814129636430405
461.36904761904765, 8.671456114579506
461.36904761904765, 8.528782592728607
461.36904761904765, 8.386109070877708
461.36904761904765, 8.243435549026806
463.0575396825397, 12.916219855551471
463.0575396825397, 12.773546333700573
463.0575396825397, 12.630872811849674
463.0575396825397, 12.488199289998771
463.0575396825397, 12.345525768147873
463.0575396825397, 12.202852246296974
463.0575396825397, 12.060178724446075
463.0575396825397, 11.917505202595173
463.0575396825397, 11.774831680744274
463.0575396825397, 11.632158158893375
463.0575396825397, 10.062749418533478
463.0575396825397, 9.920075896682576
463.0575396825397, 9.777402374831677
463.0575396825397, 9.634728852980778
463.0575396825397, 9.492055331129876
464.74603174603186, 14.48585506181907
464.74603174603186, 14.343181539968171
464.74603174603186, 14.200508018117272
464.74603174603186, 14.05783449626637
464.74603174603186, 13.915160974415471
464.74603174603186, 13.772487452564572
464.74603174603186, 13.629813930713674
464.74603174603186, 13.487140408862771
464.74603174603186, 13.344466887011873
464.74603174603186, 13.201793365160974
464.74603174603186, 13.059119843310075
464.74603174603186, 11.489711102950174
464.74603174603186, 11.347037581099276
464.74603174603186, 11.204364059248377
464.74603174603186, 11.061690537397478
464.74603174603186, 10.919017015546576
464.74603174603186, 10.776343493695677
464.74603174603186, 10.633669971844778
464.74603174603186, 10.490996449993876
464.74603174603186, 10.348322928142977
464.74603174603186, 10.205649406292078
466.4345238095239, 16.768857877341166
466.4345238095239, 16.626184355490267
466.4345238095239, 16.483510833639365
466.4345238095239, 16.340837311788466
466.4345238095239, 16.198163789937567
466.4345238095239, 16.055490268086665
466.4345238095239, 15.912816746235766
466.4345238095239, 15.770143224384867
466.4345238095239, 15.627469702533968
466.4345238095239, 15.484796180683066
466.4345238095239, 15.342122658832167
466.4345238095239, 15.199449136981269
466.4345238095239, 15.056775615130366
466.4345238095239, 14.914102093279467
466.4345238095239, 14.771428571428569
466.4345238095239, 14.62875504957767
466.4345238095239, 12.91667278736687
466.4345238095239, 12.773999265515972
466.4345238095239, 12.631325743665073
466.4345238095239, 12.48865222181417
466.4345238095239, 12.345978699963272
466.4345238095239, 12.203305178112373
466.4345238095239, 12.060631656261474
466.4345238095239, 11.917958134410572
466.4345238095239, 11.775284612559673
466.4345238095239, 11.632611090708775
465.5902777777779, 10.098757497857754
468.12301587301596, 18.195819561757865
468.12301587301596, 18.053146039906963
468.12301587301596, 17.910472518056064
468.12301587301596, 17.767798996205165
468.12301587301596, 17.625125474354267
468.12301587301596, 17.482451952503364
468.12301587301596, 17.339778430652466
468.12301587301596, 17.197104908801567
468.12301587301596, 17.054431386950665
468.12301587301596, 16.911757865099766
468.12301587301596, 14.486307993634469
468.12301587301596, 14.34363447178357
468.12301587301596, 14.200960949932671
468.12301587301596, 14.05828742808177
468.12301587301596, 13.91561390623087
468.12301587301596, 13.772940384379972
468.12301587301596, 13.630266862529073
468.12301587301596, 13.48759334067817
468.12301587301596, 13.344919818827272
468.12301587301596, 13.202246296976373
468.12301587301596, 13.059572775125474
467.27876984126993, 11.52571918227445
469.811507936508, 19.62278124617456
469.811507936508, 19.480107724323663
469.811507936508, 19.337434202472764
469.811507936508, 19.194760680621865
469.811507936508, 19.052087158770963
469.811507936508, 18.909413636920064
469.811507936508, 18.766740115069165
469.811507936508, 18.624066593218263
469.811507936508, 18.481393071367364
469.811507936508, 18.338719549516465
469.811507936508, 16.76931080915657
469.811507936508, 16.62663728730567
469.811507936508, 16.483963765454767
469.811507936508, 16.34129024360387
469.811507936508, 16.19861672175297
469.811507936508, 16.055943199902067
469.811507936508, 15.913269678051169
469.811507936508, 15.77059615620027
469.811507936508, 15.627922634349371
469.811507936508, 15.485249112498469
469.811507936508, 15.34257559064757
469.811507936508, 15.199902068796671
469.811507936508, 15.057228546945769
469.811507936508, 14.91455502509487
469.811507936508, 14.771881503243971
469.811507936508, 14.629207981393073
471.7814153439154, 20.90710715305831
471.50000000000006, 20.728727506426736
471.50000000000006, 20.586053984575834
471.50000000000006, 20.443380462724935
471.50000000000006, 20.300706940874036
471.50000000000006, 20.158033419023134
471.50000000000006, 20.015359897172235
471.50000000000006, 19.872686375321337
471.50000000000006, 19.730012853470434
471.7814153439154, 18.196310237891215
471.50000000000006, 18.01793059125964
471.50000000000006, 17.87525706940874
471.50000000000006, 17.732583547557837
471.50000000000006, 17.58991002570694
471.50000000000006, 17.44723650385604
471.50000000000006, 17.30456298200514
471.50000000000006, 17.16188946015424
471.50000000000006, 17.01921593830334
471.50000000000006, 16.894376606683803
473.1884920634921, 22.12002081038071
473.1884920634921, 21.977347288529806
473.1884920634921, 21.834673766678907
473.1884920634921, 21.69200024482801
473.1884920634921, 21.549326722977106
473.1884920634921, 21.406653201126208
473.1884920634921, 21.26397967927531
473.1884920634921, 21.121306157424407
473.1884920634921, 19.551897417064513
473.1884920634921, 19.409223895213614
473.1884920634921, 19.266550373362712
473.1884920634921, 19.123876851511813
473.1884920634921, 18.981203329660914
473.1884920634921, 18.838529807810012
473.1884920634921, 18.695856285959113
473.1884920634921, 18.553182764108215
473.1884920634921, 18.410509242257316
475.1583994708996, 23.118999673562655
474.87698412698415, 22.94062002693108
474.87698412698415, 22.797946505080183
474.87698412698415, 22.65527298322928
474.87698412698415, 22.512599461378382
474.87698412698415, 22.369925939527484
474.87698412698415, 22.22725241767658
475.1583994708996, 20.978896845799156
474.87698412698415, 20.800517199167587
474.87698412698415, 20.657843677316684
474.87698412698415, 20.515170155465785
474.87698412698415, 20.372496633614887
474.87698412698415, 20.229823111763984
474.87698412698415, 20.087149589913086
474.87698412698415, 19.944476068062183
474.87698412698415, 19.801802546211285
474.03273809523813, 19.694684171869262
474.03273809523813, 18.30361733382299
476.84689153439166, 23.903930509650305
476.5654761904762, 23.725550863018732
476.5654761904762, 23.58287734116783
476.5654761904762, 23.440203819316928
476.5654761904762, 23.297530297466032
476.84689153439166, 22.049174725588607
476.5654761904762, 21.87079507895703
476.5654761904762, 21.728121557106135
476.5654761904762, 21.585448035255233
476.5654761904762, 21.442774513404334
476.5654761904762, 21.300100991553435
476.5654761904762, 21.157427469702533
478.25396825396837, 24.546150079569102
478.25396825396837, 24.403476557718204
478.25396825396837, 24.260803035867305
478.25396825396837, 24.118129514016402
478.25396825396837, 23.119414861060108
478.25396825396837, 22.976741339209205
478.25396825396837, 22.834067817358306
478.25396825396837, 22.691394295507408
478.25396825396837, 22.548720773656505
478.25396825396837, 22.406047251805607
478.25396825396837, 22.263373729954708
477.40972222222223, 21.01486718080548
480.22387566137576, 24.83176133349655
479.9424603174604, 24.653381686864975
480.22387566137576, 23.97572020239115
479.9424603174604, 23.79734055575958
479.9424603174604, 23.65466703390868
479.9424603174604, 23.511993512057778
479.9424603174604, 23.36931999020688
479.9424603174604, 23.244480658587342
481.63095238095246, 25.045960337862653
481.63095238095246, 24.47526625045905
481.63095238095246, 24.33259272860815
481.63095238095246, 24.189919206757253
483.3194444444445, 24.90351328191945
483.3194444444445, 24.76083976006855
483.3194444444445, 24.636000428449016
482.4751984126985, 24.0473589178602
485.2893518518519, 25.046451013996
486.97784391534407, 24.83266719712735
486.6964285714286, 24.654287550495777
486.6964285714286, 24.51161402864488
486.6964285714286, 24.368940506793976
487.54067460317464, 25.0467529685396
488.38492063492066, 24.19082507038805
488.38492063492066, 24.048151548537152
488.38492063492066, 23.905478026686254
488.38492063492066, 23.76280450483535
488.38492063492066, 23.637965173215818
489.2291666666667, 24.9043059125964
489.2291666666667, 24.7616323907455
490.0734126984127, 24.619072101848452
490.0734126984127, 24.47639857999755
490.0734126984127, 24.33372505814665
490.0734126984127, 23.477683927041255
490.0734126984127, 23.335010405190353
490.0734126984127, 23.192336883339454
490.0734126984127, 23.049663361488555
490.0734126984127, 22.906989839637653
490.0734126984127, 22.78215050801812
491.7619047619049, 24.191278002203454
491.7619047619049, 24.04860448035255
491.7619047619049, 23.905930958501653
491.7619047619049, 23.763257436650754
491.7619047619049, 23.62058391479985
491.7619047619049, 22.621869261843557
491.7619047619049, 22.479195739992655
491.7619047619049, 22.336522218141756
492.6061507936509, 24.3340647570082
493.4503968253969, 23.47813685885665
493.4503968253969, 23.335463337005756
493.4503968253969, 23.192789815154853
493.4503968253969, 23.05011629330395
493.4503968253969, 22.907442771453056
493.4503968253969, 22.764769249602153
493.4503968253969, 22.194075162198555
493.4503968253969, 22.051401640347656
493.4503968253969, 21.908728118496754
493.4503968253969, 21.766054596645855
493.4503968253969, 21.623381074794956
493.4503968253969, 21.480707552944054
493.4503968253969, 21.33803403109316
493.4503968253969, 21.195360509242256
494.29464285714295, 23.620923613661404
495.13888888888897, 22.622322193658952
495.13888888888897, 22.479648671808054
495.13888888888897, 22.336975149957155
495.13888888888897, 21.052913453299055
495.13888888888897, 20.910239931448157
495.13888888888897, 20.767566409597258
495.13888888888897, 20.624892887746356
495.983134920635, 22.765108948463705
497.10879629629636, 22.194565838331904
496.827380952381, 22.016186191700328
496.827380952381, 21.87351266984943
496.827380952381, 21.73083914799853
496.827380952381, 21.588165626147628
496.827380952381, 21.445492104296733
496.827380952381, 21.30281858244583
496.827380952381, 21.160145060594928
497.10879629629636, 20.482483576121105
496.827380952381, 20.304103929489536
496.827380952381, 20.161430407638633
496.827380952381, 20.018756885787734
496.827380952381, 19.876083363936836
496.827380952381, 19.733409842085933
496.827380952381, 19.590736320235035
496.827380952381, 19.448062798384136
496.827380952381, 19.305389276533237
498.51587301587307, 20.982029624189007
498.51587301587307, 20.839356102338108
498.51587301587307, 20.696682580487206
498.51587301587307, 19.12727384012731
498.51587301587307, 18.98460031827641
498.51587301587307, 18.841926796425508
498.51587301587307, 18.69925327457461
498.51587301587307, 18.574413942955072
499.3601190476191, 21.124816378993756
500.2043650793651, 20.55423552454401
500.2043650793651, 20.41156200269311
500.2043650793651, 20.268888480842207
500.2043650793651, 20.12621495899131
500.2043650793651, 19.98354143714041
500.2043650793651, 19.840867915289508
500.2043650793651, 19.69819439343861
500.2043650793651, 19.55552087158771
500.2043650793651, 19.41284734973681
500.2043650793651, 19.27017382788591
500.2043650793651, 18.414132696780513
500.2043650793651, 18.27145917492961
500.2043650793651, 18.12878565307871
500.2043650793651, 17.986112131227813
500.2043650793651, 17.84343860937691
500.2043650793651, 17.700765087526012
500.2043650793651, 17.558091565675113
500.2043650793651, 17.415418043824214
500.2043650793651, 17.272744521973312
501.89285714285717, 19.127726771942708
501.89285714285717, 18.98505325009181
501.89285714285717, 18.842379728240907
501.89285714285717, 18.699706206390008
501.89285714285717, 18.55703268453911
501.89285714285717, 17.13029746603011
501.89285714285717, 16.987623944179212
501.89285714285717, 16.84495042232831
501.89285714285717, 16.70227690047741
501.89285714285717, 16.559603378626512
502.7371031746032, 19.270513526747457
503.5813492063492, 18.414585628595912
503.5813492063492, 18.27191210674501
503.5813492063492, 18.12923858489411
503.5813492063492, 17.986565063043212
503.5813492063492, 17.84389154119231
503.5813492063492, 17.70121801934141
503.5813492063492, 17.558544497490512
503.5813492063492, 17.415870975639614
503.5813492063492, 17.27319745378871
503.5813492063492, 16.417156322683315
503.5813492063492, 16.274482800832413
503.5813492063492, 16.131809278981514
503.5813492063492, 15.989135757130615
503.5813492063492, 15.846462235279716
503.5813492063492, 15.703788713428814
503.5813492063492, 15.561115191577915
503.5813492063492, 15.418441669727017
503.5813492063492, 15.275768147876114
503.5813492063492, 15.133094626025215
504.42559523809535, 18.55737238340066
505.5512566137567, 17.130788142163464
505.2698412698414, 16.952408495531888
505.2698412698414, 16.80973497368099
505.2698412698414, 16.66706145183009
505.2698412698414, 16.52438792997919
505.5512566137567, 14.990685314399968
505.2698412698414, 14.812305667768392
505.2698412698414, 14.669632145917493
505.2698412698414, 14.526958624066594
505.2698412698414, 14.384285102215692
506.9583333333334, 16.346272493573263
506.9583333333334, 16.203598971722364
506.9583333333334, 16.060925449871462
506.9583333333334, 15.918251928020563
506.9583333333334, 15.775578406169664
506.9583333333334, 15.632904884318766
506.9583333333334, 15.490231362467863
506.9583333333334, 15.347557840616965
506.9583333333334, 15.204884318766066
506.9583333333334, 14.206169665809767
506.9583333333334, 14.063496143958865
506.9583333333334, 13.920822622107966
506.9583333333334, 13.778149100257068
506.9583333333334, 13.635475578406169
506.9583333333334, 13.492802056555266
506.9583333333334, 13.350128534704368
506.9583333333334, 13.207455012853469
506.9583333333334, 13.06478149100257
506.9583333333334, 12.93994215938303
507.80257936507945, 16.489059248378013
508.6468253968255, 15.062437262822865
508.6468253968255, 14.919763740971966
508.6468253968255, 14.777090219121067
508.6468253968255, 14.634416697270169
508.6468253968255, 14.491743175419266
508.6468253968255, 14.349069653568367
508.6468253968255, 12.77966091320847
508.6468253968255, 12.636987391357572
508.6468253968255, 12.49431386950667
508.6468253968255, 12.35164034765577
508.6468253968255, 12.226801016036234
510.3353174603175, 14.206622597625167
510.3353174603175, 14.063949075774264
510.3353174603175, 13.921275553923365
510.3353174603175, 13.778602032072467
510.3353174603175, 13.635928510221568
510.3353174603175, 13.493254988370666
510.3353174603175, 13.350581466519767
510.3353174603175, 13.207907944668868
510.3353174603175, 13.06523442281797
510.3353174603175, 12.922560900967067
510.3353174603175, 12.06651976986167
510.3353174603175, 11.923846248010769
510.3353174603175, 11.78117272615987
510.3353174603175, 11.638499204308971
510.3353174603175, 11.495825682458069
510.3353174603175, 11.35315216060717
510.3353174603175, 11.210478638756271
510.3353174603175, 11.067805116905372
510.3353174603175, 10.942965785285832
511.17956349206355, 14.349409352429916
512.0238095238096, 12.78011384502387
512.0238095238096, 12.63744032317297
512.0238095238096, 12.494766801322069
512.0238095238096, 12.35209327947117
512.0238095238096, 12.209419757620271
512.0238095238096, 10.782684539111273
512.0238095238096, 10.640011017260374
512.0238095238096, 10.497337495409472
512.0238095238096, 10.354663973558573
512.0238095238096, 10.211990451707674
512.0238095238096, 10.069316929856775
512.0238095238096, 9.926643408005873
512.0238095238096, 9.783969886154974
512.8680555555557, 12.922900599828619
513.7123015873017, 12.06697270167707
513.7123015873017, 11.924299179826168
513.7123015873017, 11.781625657975269
513.7123015873017, 11.63895213612437
513.7123015873017, 11.496278614273468
513.7123015873017, 11.353605092422569
513.7123015873017, 11.21093157057167
513.7123015873017, 11.068258048720772
513.7123015873017, 10.92558452686987
513.7123015873017, 9.641522830211773
513.7123015873017, 9.498849308360871
513.7123015873017, 9.356175786509972
513.7123015873017, 9.213502264659073
514.5565476190477, 12.20975945648182
515.4007936507937, 10.783137470926672
515.4007936507937, 10.640463949075773
515.4007936507937, 10.49779042722487
515.4007936507937, 10.355116905373972
515.4007936507937, 10.212443383523073
515.4007936507937, 10.069769861672174
515.4007936507937, 9.927096339821272
515.4007936507937, 9.784422817970373
515.4007936507937, 9.071055208715876
515.4007936507937, 8.928381686864974
515.4007936507937, 8.785708165014075
515.4007936507937, 8.643034643163176
515.4007936507937, 8.500361121312277
515.4007936507937, 8.357687599461375
515.4007936507937, 8.215014077610476
515.4007936507937, 8.072340555759578
515.4007936507937, 7.929667033908675
515.4007936507937, 7.7869935120577765
515.4007936507937, 7.644319990206878
516.2450396825398, 10.925924225731421
517.3707010582011, 9.642013506345126
517.0892857142858, 9.46363385971355
517.0892857142858, 9.320960337862651
517.0892857142858, 9.178286816011752
517.3707010582011, 7.5019106785816305
517.0892857142858, 7.323531031950054
517.0892857142858, 7.180857510099155
518.7777777777778, 9.000171379605824
518.7777777777778, 8.857497857754925
518.7777777777778, 8.714824335904023
518.7777777777778, 8.572150814053124
518.7777777777778, 8.429477292202225
518.7777777777778, 8.286803770351327
518.7777777777778, 8.144130248500424
518.7777777777778, 8.001456726649526
518.7777777777778, 7.858783204798627
518.7777777777778, 7.7161096829477245
518.7777777777778, 7.002742073693227
518.7777777777778, 6.860068551842328
518.7777777777778, 6.71739502999143
518.7777777777778, 6.574721508140527
518.7777777777778, 6.4320479862896285
519.6220238095239, 9.142958134410573
520.4662698412699, 7.573662627004527
520.4662698412699, 7.430989105153628
520.4662698412699, 7.2883155833027296
520.4662698412699, 7.145642061451827
520.4662698412699, 6.289600930346431
520.4662698412699, 6.146927408495529
520.4662698412699, 6.00425388664463
520.4662698412699, 5.861580364793731
520.4662698412699, 5.736741033174194
522.1547619047619, 7.003195005508626
522.1547619047619, 6.8605214836577275
522.1547619047619, 6.717847961806829
522.1547619047619, 6.575174439955926
522.1547619047619, 6.432500918105028
522.1547619047619, 5.576459786999628
522.1547619047619, 5.433786265148729
522.1547619047619, 5.29111274329783
522.1547619047619, 5.166273411678294
522.999007936508, 7.145981760313376
524.1246693121693, 6.2900916064797805
523.843253968254, 6.111711959848204
523.843253968254, 5.969038437997305
523.843253968254, 5.826364916146403
523.843253968254, 5.683691394295504
524.1246693121693, 5.006029909821681
525.8131613756614, 5.50561370220753
525.531746031746, 5.327234055575953
525.531746031746, 5.184560533725055
525.8131613756614, 4.792246092953029
525.531746031746, 4.613866446321456
524.6875, 4.542416452442158
526.375992063492, 5.71969947361978
527.2202380952381, 5.00644509731913
527.2202380952381, 4.435751009915531
528.0644841269841, 5.149231852123879
529.1901455026457, 4.864035785693883
528.9087301587301, 4.685656139062306
528.9087301587301, 4.542982617211408
529.1901455026457, 4.293341698290284
528.0644841269841, 4.186185579630305
530.5972222222224, 4.079520137103685
530.5972222222224, 3.954680805484145
531.4414682539684, 4.507653935610232
532.2857142857144, 4.365093646713181
532.2857142857144, 4.222420124862282
533.9742063492065, 4.079973068919081
533.9742063492065, 3.9372995470681786
533.9742063492065, 3.8124602154486453
537.3511904761906, 3.973420859346305
537.3511904761906, 3.83074733749541
537.3511904761906, 3.7237421961072315
540.7281746031747, 3.902537030236253
540.7281746031747, 3.759863508385351
539.8839285714287, 3.6884135145060526
544.1051587301588, 3.867321581588932
544.1051587301588, 3.72464805973803
547.4821428571429, 3.9391112743297754
547.4821428571429, 3.79643775247888
551.1405423280423, 4.010938711388583
550.859126984127, 3.8503932549883686
550.014880952381, 3.7611090708777013
554.2361111111111, 4.154027420736931
554.2361111111111, 4.0113538988860356
554.2361111111111, 3.886514567266495
557.8945105820108, 4.225854857795731
557.6130952380954, 4.065309401395517
556.7688492063494, 3.9760252172848496
561.2714947089949, 4.368981311462026
560.9900793650795, 4.190601664830453
560.1458333333335, 4.083483290488431
564.648478835979, 4.512107765128327
564.3670634920636, 4.333728118496754
563.5228174603176, 4.226609744154729
568.025462962963, 4.583897457869178
567.7440476190477, 4.423352001468967
566.8998015873017, 4.334067817358303
571.4024470899471, 4.727023911535479
571.1210317460318, 4.548644264903903
570.2767857142858, 4.477194271024601
574.7794312169312, 4.798813604276326
574.4980158730159, 4.638268147876115
573.6537698412699, 4.548983963765451
578.1564153439153, 4.941940057942624
577.875, 4.763560411311051
577.030753968254, 4.692110417431749
581.5333994708997, 5.085066511608925
581.2519841269841, 4.906686864977349
580.4077380952381, 4.799568490635323
584.9103835978838, 5.228192965275223
584.6289682539684, 5.049813318643647
583.7847222222224, 4.942694944301625
588.2873677248679, 5.299982658016074
588.0059523809525, 5.139437201615863
587.1617063492065, 5.050153017505199
591.664351851852, 5.443109111682375
591.3829365079366, 5.264729465050799
590.5386904761906, 5.1932794711715005
595.0413359788361, 5.586235565348673
594.7599206349207, 5.4078559187171
593.9156746031747, 5.300737544375075
598.4183201058202, 5.658025258089523
598.1369047619048, 5.497479801689309
597.2926587301588, 5.408195617578649
601.5138888888889, 5.801113967437871
601.5138888888889, 5.658440445586972
601.5138888888889, 5.551435304198797
605.1722883597886, 5.872941404496672
604.890873015873, 5.712395948096457
604.046626984127, 5.623111763985797
608.5492724867727, 6.01606785816297
608.2678571428571, 5.837688211531393
607.4236111111111, 5.730569837189375
611.6448412698414, 6.159156567511321
611.6448412698414, 6.016483045660422
611.6448412698414, 5.891643714040885
615.0218253968255, 6.230946260252171
615.0218253968255, 6.0882727384012725
614.1775793650795, 5.981154364059247
618.680224867725, 6.302773697310972
618.3988095238096, 6.1243940506793955
617.5545634920636, 6.052944056800094
622.0572089947091, 6.374563390051819
621.7757936507937, 6.214017933651608
620.9315476190477, 6.124733749540944
625.4341931216932, 6.446353082792669
625.1527777777778, 6.2858076263924545
628.5297619047619, 6.589441792141017
628.5297619047619, 6.446768270290118
628.5297619047619, 6.339763128901943
631.906746031746, 6.661231484881867
631.906746031746, 6.518557963030968
631.0625, 6.411439588688946
635.2837301587304, 6.733021177622721
635.2837301587304, 6.590347655771819
634.4394841269841, 6.483229281429793
638.6607142857144, 6.804810870363568
638.6607142857144, 6.662137348512669
637.8164682539684, 6.555018974170643
642.3191137566139, 6.805301546496917
642.0376984126985, 6.644756090096706
645.696097883598, 6.877091239237767
645.4146825396826, 6.716545782837553
649.0730820105821, 6.948880931978614
648.7916666666667, 6.788335475578403
652.1686507936508, 7.020632880401514
652.1686507936508, 6.877959358550616
655.5456349206349, 7.0210858122169135
655.5456349206349, 6.878412290366015
658.922619047619, 7.092875504957767
658.922619047619, 6.950201983106865
658.078373015873, 6.8430836087648395
662.2996031746034, 7.093328436773167
662.2996031746034, 6.950654914922264
665.6765873015875, 7.093781368588566
665.6765873015875, 6.9511078467376635
669.0535714285716, 7.094234300403965
669.0535714285716, 6.951560778553063
672.4305555555557, 7.094687232219364
672.4305555555557, 6.952013710368462
674.1190476190477, 6.863069225119354
675.8075396825398, 7.023803403109312
677.4960317460318, 6.881356347166115
679.1845238095239, 7.024256334924711
680.8730158730159, 6.881809278981514
682.561507936508, 6.98904088627739
682.561507936508, 6.792864793732402
685.938492063492, 6.918157057167338
685.938492063492, 6.7754835353164395
685.094246031746, 6.704033541437138
689.3154761904764, 6.847273228057286
689.3154761904764, 6.704599706206388
688.4712301587304, 6.633149712327089
692.6924603174605, 6.776389398947238
692.6924603174605, 6.633715877096339
691.8482142857144, 6.562265883217037
696.0694444444446, 6.705505569837186
696.0694444444446, 6.562832047986287
696.0694444444446, 6.455826906598112
699.4464285714287, 6.6346217407271375
699.4464285714287, 6.491948218876235
699.4464285714287, 6.367108887256698
702.8234126984128, 6.492401150691634
702.8234126984128, 6.349727628840736
702.8234126984128, 6.242722487452561
706.2003968253969, 6.4215173215815895
706.2003968253969, 6.278843799730687
706.2003968253969, 6.15400446811115
709.577380952381, 6.279296731546086
709.577380952381, 6.136623209695188
709.577380952381, 6.029618068307013
712.9543650793651, 6.208412902436038
712.9543650793651, 6.065739380585136
712.9543650793651, 5.923065858734237
716.3313492063494, 6.066192312400535
716.3313492063494, 5.923518790549636
716.3313492063494, 5.780845268698737
719.7083333333335, 5.923971722365035
719.7083333333335, 5.7812982005141365
719.7083333333335, 5.638624678663238
723.0853174603176, 5.781751132329536
723.0853174603176, 5.639077610478637
723.0853174603176, 5.4964040886277346
726.4623015873017, 5.639530542294036
726.4623015873017, 5.496857020443134
726.4623015873017, 5.372017688823597
729.8392857142858, 5.4973099522585365
729.8392857142858, 5.354636430407638
729.8392857142858, 5.247631289019463
733.2162698412699, 5.426426123148488
733.2162698412699, 5.283752601297586
733.2162698412699, 5.141079079446687
736.593253968254, 5.284205533112985
736.593253968254, 5.141532011262086
736.593253968254, 4.998858489411187
736.593253968254, 4.891853348023012
739.125992063492, 5.1775400905863584
739.9702380952383, 5.03497980168931
739.9702380952383, 4.892306279838412
739.9702380952383, 4.767466948218875
743.3472222222224, 4.928427592116535
743.3472222222224, 4.785754070265636
743.3472222222224, 4.643080548414737
746.7242063492065, 4.786207002081035
746.7242063492065, 4.643533480230136
746.7242063492065, 4.500859958379234
750.1011904761906, 4.643986412045535
750.1011904761906, 4.501312890194633
750.1011904761906, 4.358639368343734
753.4781746031747, 4.501765822010036
753.4781746031747, 4.359092300159137
753.4781746031747, 4.216418778308231
756.8551587301588, 4.359545231974536
756.8551587301588, 4.216871710123634
756.8551587301588, 4.074198188272739
760.2321428571429, 4.21732464193903
760.2321428571429, 4.074651120088134
760.2321428571429, 3.931977598237232
763.609126984127, 4.075104051903537
763.609126984127, 3.9324305300526348
763.609126984127, 3.7897570082017324
766.9861111111113, 3.9328834618680375
766.9861111111113, 3.790209940017135
766.9861111111113, 3.6832047986289638
770.3630952380954, 3.8263312522952617
770.3630952380954, 3.6836577304443594
770.3630952380954, 3.558818398824819
773.7400793650795, 3.719779042722486
773.7400793650795, 3.5771055208715836
773.7400793650795, 3.4522661892520503
777.1170634920636, 3.5775584526869793
777.1170634920636, 3.434884930836084
777.1170634920636, 3.3278797894479055
780.4940476190477, 3.5066746235769344
780.4940476190477, 3.364001101726039
780.4940476190477, 3.2569959603378607
783.8710317460318, 3.4001224140041586
783.8710317460318, 3.2574488921532563
785.8409391534392, 3.138818500836493
787.2480158730159, 3.3292385848941066
789.2179232804233, 3.186829273268863
788.936507936508, 3.0441180071000105
792.3134920634923, 3.1872444607663084
792.3134920634923, 3.044570938915406
794.0019841269843, 2.955626453666298
795.6904761904764, 3.1163606316562564
797.3789682539684, 2.9739135757130626
799.0674603174605, 3.0811451830089283
799.3488756613758, 2.855283184396285
802.4444444444446, 3.0102613538988834
802.4444444444446, 2.867587832047981
801.6001984126985, 2.7961378381686828
805.8214285714287, 2.9750459052515623
805.8214285714287, 2.83237238340066
807.7913359788361, 2.7137419920838894
809.1984126984128, 2.9041620761415032
811.1683201058202, 2.7617527645162596
810.0426587301588, 2.65459664585628
814.2638888888889, 2.8335047129391597
814.2638888888889, 2.6908311910882574
815.952380952381, 2.601886705839142
817.640873015873, 2.7626208838291078
819.3293650793653, 2.620173827885907
821.0178571428573, 2.7630738156445105
821.0178571428573, 2.5133951524054368
822.9877645502645, 2.6206645040192527
826.0833333333335, 2.6924164524421528
826.0833333333335, 2.5497429305912576
827.7718253968255, 2.4607984453421423
829.4603174603176, 2.621532623332108
831.1488095238096, 2.479085567388907
832.8373015873017, 2.6219855551475035
834.5257936507937, 2.4795384992043097
836.2142857142858, 2.5867701065001825
836.2142857142858, 2.3905940139551944
839.5912698412701, 2.5515546578528543
839.5912698412701, 2.408881136001952
842.9682539682542, 2.5163392092055332
842.9682539682542, 2.373665687354631
842.1240079365082, 2.3022156934753326
846.3452380952383, 2.481123760558205
846.3452380952383, 2.3384502387073027
848.0337301587304, 2.2316715632268256
849.7222222222224, 2.445908311910877
849.7222222222224, 2.3032347900599817
853.0992063492065, 2.410692863263556
853.0992063492065, 2.2680193414126606
854.7876984126985, 2.1790748561635382
856.4761904761906, 2.339809034153504
858.1646825396826, 2.197361978210303
859.8531746031747, 2.3402619659689066
861.8230820105821, 2.197852654343656
860.6974206349207, 2.0906965356836835
864.9186507936511, 2.269604602766556
864.9186507936511, 2.1269310809156536
868.2956349206352, 2.234389154119228
868.2956349206352, 2.0917156322683326
867.4513888888891, 2.020265638389027
871.6726190476193, 2.1991737054718996
871.6726190476193, 2.0565001836210044
875.0496031746034, 2.1639582568245785
875.0496031746034, 2.0212847349736762
874.2053571428573, 1.949834741094378
878.4265873015875, 2.1287428081772504
878.4265873015875, 1.986069286326348
881.8035714285716, 2.129195739992653
881.8035714285716, 1.9865222181417508
883.4920634920636, 1.8975777328926426
885.1805555555557, 2.0583119108826082
887.150462962963, 1.9159025992573504
886.0248015873017, 1.808746480597371
890.246031746032, 1.9876545476802505
890.246031746032, 1.8449810258293553
893.6230158730161, 1.9524390990329223
893.6230158730161, 1.80976557718202
892.7787698412701, 1.7383155833027288
897.0000000000002, 1.9172236503856013
897.0000000000002, 1.774550128534699
900.3769841269843, 1.917676582201004
900.3769841269843, 1.7750030603501017
902.0654761904764, 1.6860585751009864
903.7539682539684, 1.846792753090952
905.7238756613758, 1.7043834414657013
904.5982142857144, 1.597227322805729
908.8194444444446, 1.7761353898886014
908.8194444444446, 1.6334618680377062
912.1964285714287, 1.776588321703997
912.1964285714287, 1.6339147998531018
913.8849206349207, 1.5449703146039866
915.5734126984128, 1.7057044925939522
917.261904761905, 1.5632574366507441
918.9503968253971, 1.7061574244093478
920.6388888888891, 1.5637103684661469
922.3273809523812, 1.6709419757620267
922.3273809523812, 1.4747658832170387
925.7043650793653, 1.6000581466519748
925.7043650793653, 1.4573846248010724
924.8601190476193, 1.3859346309217742
929.0813492063494, 1.5648426980046466
929.0813492063494, 1.4221691761537514
932.4583333333335, 1.5652956298200493
932.4583333333335, 1.4226221079691541
935.8353174603176, 1.5300801811727212
935.8353174603176, 1.387406659321826
934.9910714285716, 1.3159566654425205
939.2123015873017, 1.4591963520626763
939.2123015873017, 1.316522830211774
938.3680555555557, 1.2450728363324757
942.589285714286, 1.423980903415348
942.589285714286, 1.2813073815644458
945.9662698412701, 1.4244338352307508
945.9662698412701, 1.2817603133798485
949.3432539682542, 1.3892183865834227
949.3432539682542, 1.2465448647325204
948.4990079365082, 1.175094870853222
952.7202380952383, 1.3540029379360945
952.7202380952383, 1.2113294160851993
956.0972222222224, 1.3544558697514972
956.0972222222224, 1.211782347900602
957.7857142857144, 1.1228378626514797
959.4742063492065, 1.2835720406414453
961.1626984126985, 1.1411249846982443
962.8511904761906, 1.2483565919941242
962.8511904761906, 1.0521804994491362
966.2281746031747, 1.213141143346796
966.2281746031747, 1.0704676214958937
969.605158730159, 1.2135940751621987
969.605158730159, 1.0709205533112964
972.9821428571431, 1.1783786265148706
972.9821428571431, 1.0357051046639683
972.1378968253971, 0.96425511078467
976.3591269841272, 1.1431631778675424
976.3591269841272, 1.0004896560166472
979.7361111111113, 1.1436161096829451
979.7361111111113, 1.00094258783205
983.1130952380954, 1.108400661035617
983.1130952380954, 0.9657271391847218
982.2688492063494, 0.8942771453054164
986.4900793650795, 1.073185212388296
986.4900793650795, 0.9305116905373936
989.8670634920636, 1.0379697637409677
989.8670634920636, 0.8952962418900654
989.0228174603176, 0.8238462480107671
993.2440476190477, 1.0027543150936467
993.2440476190477, 0.8600807932427443
996.621031746032, 1.0032072469090423
996.621031746032, 0.86053372505814
999.9980158730161, 0.9679917982617212
999.9980158730161, 0.8253182764108189
999.1537698412701, 0.7538682825315206
1003.3750000000002, 0.932776349614393
1003.3750000000002, 0.7901028277634978
1006.7519841269843, 0.9332292814297887
1006.7519841269843, 0.7905557595788935
1010.1289682539684, 0.8980138327824676
1010.1289682539684, 0.7553403109315724
1009.2847222222224, 0.683890317052267
1013.5059523809525, 0.8627983841351394
1013.5059523809525, 0.7201248622842442
1016.8829365079366, 0.8632513159505422
1016.8829365079366, 0.720577794099647
1020.2599206349207, 0.8637042477659378
1020.2599206349207, 0.7210307259150426
1021.948412698413, 0.6320862406659273
1023.636904761905, 0.7928204186558929
1025.325396825397, 0.650373362712692
1027.0138888888891, 0.7932733504712957
1028.7023809523812, 0.6508262945280876
1030.3908730158732, 0.7937262822866913
1032.3607804232806, 0.6513169706614406
1031.2351190476193, 0.5441608520014682
1035.4563492063494, 0.7230689190843407
1035.4563492063494, 0.5803953972334384
1038.8333333333335, 0.7235218508997434
1038.8333333333335, 0.5808483290488411
1042.2103174603176, 0.7239747827151461
1042.2103174603176, 0.5813012608642438
1043.8988095238096, 0.4923567756151215
1045.5873015873017, 0.6530909536050871
1047.275793650794, 0.5106438976618932
1048.964285714286, 0.6535438854204898
1050.652777777778, 0.511096829477296
1052.34126984127, 0.6539968172358854
1054.0297619047622, 0.5115497612926916
1055.7182539682542, 0.6544497490512882
1057.4067460317463, 0.5120026931080943
1059.0952380952383, 0.61923430040396
1059.0952380952383, 0.42305820785897197
1062.4722222222224, 0.5840188517566389
1062.4722222222224, 0.4413453299057366
1065.8492063492065, 0.5844717835720417
1065.8492063492065, 0.44179826172113934
1069.2261904761906, 0.5492563349247135
1069.2261904761906, 0.40658281307381117
1068.3819444444446, 0.3351328191945129
1072.6031746031747, 0.5140408862773924
1072.6031746031747, 0.3713673644264901
1075.980158730159, 0.514493818092788
1075.980158730159, 0.37182029624188573
1079.3571428571431, 0.5149467499081908
1079.3571428571431, 0.37227322805728846
1082.7341269841272, 0.5153996817235864
1082.7341269841272, 0.3727261598726841
1084.4226190476193, 0.28378167462357595
1086.1111111111113, 0.44451585261353443
1087.7996031746034, 0.3020687966703406
1089.4880952380954, 0.44496878442893717
1091.1765873015875, 0.3025217284857362
1092.8650793650795, 0.4454217162443328
1094.5535714285716, 0.30297466030113895
1096.2420634920636, 0.44587464805973553
1098.211970899471, 0.3034653364344848
1097.0863095238096, 0.1963092177745125
1101.30753968254, 0.3752172848573849
1101.30753968254, 0.2325437630064826
1104.684523809524, 0.37567021667278766
1104.684523809524, 0.23299669482188534
1108.0615079365082, 0.3761231484881833
1108.0615079365082, 0.23344962663728097
1109.7500000000002, 0.14450514138817283
1111.4384920634923, 0.3052393193781384
1113.1269841269843, 0.16279226343493747
1114.8154761904764, 0.30569225119353405
1116.5039682539684, 0.1632451952503331
1118.1924603174605, 0.3061451830089368
1120.1623677248679, 0.16373587138368606
1119.0367063492065, 0.05657975272370663
1123.2579365079366, 0.23548781980657907
1123.2579365079366, 0.09281429795568386
1126.634920634921, 0.2359407516219818
1126.634920634921, 0.09326722977108659
1130.011904761905, 0.23639368343737743
1130.011904761905, 0.09372016158648222
1133.3888888888891, 0.23684661525278017
1133.3888888888891, 0.09417309340188496
1136.7658730158732, 0.1659627861427353
1136.7658730158732, 0.05895764475455678
1140.1428571428573, 0.16641571795813093
1140.1428571428573, 0.05941057656995241
1143.5198412698414, 0.16686864977353366
1143.5198412698414, 0.059863508385355146
1146.0525793650795, 0.1672083486350786
1146.0525793650795, 0.06020320724690009
